날짜,합계,징수차량소계,현금징수소계,일반차량현금징수,경차현금징수,전자태그현금징수,카드(선불후불)소계,일반차량카드(선불후불)징수소계,경차카드(선불후불)징수소계,전자태그카드(선불후불)징수소계,선불카드징수소계,일반차량선불카드징수,경차선불카드징수,전자태그선불카드징수,후불카드징수소계,일반차량후불카드징수,경차후불카드징수,전자태그후불카드징수,쿠폰징수소계,일반차량쿠폰징수,경차쿠폰징수,전자태그쿠폰징수,미징수차량소계,미납차량미징수,면제차량소계,일반면제차량미징수,전자태그면제차량미징수,환불건수
2023-01-02,66623 ,25550 ,5915 ,5651 ,264 ,0 ,19635 ,18906 ,706 ,23 ,3773 ,3679 ,71 ,23 ,15862 ,15227 ,635 ,0 ,0 ,0 ,0 ,0 ,41073 ,489 ,40584 ,33777 ,6807 ,25 
2023-01-03,71443 ,27193 ,6451 ,6118 ,333 ,0 ,20740 ,19981 ,737 ,22 ,3851 ,3755 ,74 ,22 ,16889 ,16226 ,663 ,0 ,2 ,2 ,0 ,0 ,44250 ,480 ,43770 ,36518 ,7252 ,22 
2023-01-04,71223 ,27517 ,6621 ,6292 ,329 ,0 ,20895 ,20183 ,688 ,24 ,3785 ,3698 ,63 ,24 ,17110 ,16485 ,625 ,0 ,1 ,1 ,0 ,0 ,43706 ,513 ,43193 ,35924 ,7269 ,24 
2023-01-05,72536 ,27730 ,6841 ,6527 ,314 ,0 ,20887 ,20177 ,685 ,25 ,3837 ,3729 ,83 ,25 ,17050 ,16448 ,602 ,0 ,2 ,2 ,0 ,0 ,44806 ,468 ,44338 ,37069 ,7269 ,30 
2023-01-06,71983 ,27653 ,7093 ,6706 ,387 ,0 ,20560 ,19844 ,693 ,23 ,3682 ,3586 ,73 ,23 ,16878 ,16258 ,620 ,0 ,0 ,0 ,0 ,0 ,44330 ,535 ,43795 ,36810 ,6985 ,29 
2023-01-09,71374 ,27716 ,6693 ,6384 ,309 ,0 ,21023 ,20328 ,672 ,23 ,3964 ,3870 ,71 ,23 ,17059 ,16458 ,601 ,0 ,0 ,0 ,0 ,0 ,43658 ,507 ,43151 ,36123 ,7028 ,37 
2023-01-10,73587 ,28180 ,6999 ,6641 ,358 ,0 ,21180 ,20473 ,684 ,23 ,3839 ,3746 ,70 ,23 ,17341 ,16727 ,614 ,0 ,1 ,1 ,0 ,0 ,45407 ,512 ,44895 ,37292 ,7603 ,30 
2023-01-11,73727 ,28673 ,7153 ,6835 ,318 ,0 ,21518 ,20764 ,733 ,21 ,3908 ,3821 ,66 ,21 ,17610 ,16943 ,667 ,0 ,2 ,2 ,0 ,0 ,45054 ,509 ,44545 ,37273 ,7272 ,29 
2023-01-12,75182 ,28795 ,7384 ,7065 ,319 ,0 ,21411 ,20680 ,708 ,23 ,3844 ,3752 ,69 ,23 ,17567 ,16928 ,639 ,0 ,0 ,0 ,0 ,0 ,46387 ,571 ,45816 ,38328 ,7488 ,22 
2023-01-13,72159 ,29425 ,7277 ,6949 ,328 ,0 ,22146 ,21383 ,748 ,15 ,3996 ,3910 ,71 ,15 ,18150 ,17473 ,677 ,0 ,2 ,2 ,0 ,0 ,42734 ,596 ,42138 ,34862 ,7276 ,29 
2023-01-16,73730 ,29531 ,7193 ,6859 ,334 ,0 ,22338 ,21583 ,731 ,24 ,4114 ,4019 ,71 ,24 ,18224 ,17564 ,660 ,0 ,0 ,0 ,0 ,0 ,44199 ,532 ,43667 ,36342 ,7325 ,31 
2023-01-17,75935 ,30073 ,7494 ,7157 ,337 ,0 ,22577 ,21776 ,772 ,29 ,4086 ,3974 ,83 ,29 ,18491 ,17802 ,689 ,0 ,2 ,2 ,0 ,0 ,45862 ,559 ,45303 ,37703 ,7600 ,31 
2023-01-18,75223 ,29958 ,7320 ,6965 ,355 ,0 ,22636 ,21852 ,763 ,21 ,4159 ,4057 ,81 ,21 ,18477 ,17795 ,682 ,0 ,2 ,2 ,0 ,0 ,45265 ,528 ,44737 ,37274 ,7463 ,33 
2023-01-19,75258 ,30194 ,7564 ,7181 ,383 ,0 ,22627 ,21801 ,796 ,30 ,4041 ,3925 ,86 ,30 ,18586 ,17876 ,710 ,0 ,3 ,3 ,0 ,0 ,45064 ,528 ,44536 ,36905 ,7631 ,29 
2023-01-20,71566 ,29513 ,7171 ,6821 ,350 ,0 ,22341 ,21504 ,817 ,20 ,3826 ,3713 ,93 ,20 ,18515 ,17791 ,724 ,0 ,1 ,1 ,0 ,0 ,42053 ,647 ,41406 ,34768 ,6638 ,30 
2023-01-25,67943 ,26878 ,6489 ,6146 ,343 ,0 ,20389 ,19624 ,742 ,23 ,3804 ,3715 ,66 ,23 ,16585 ,15909 ,676 ,0 ,0 ,0 ,0 ,0 ,41065 ,478 ,40587 ,33547 ,7040 ,17 
2023-01-26,63064 ,23443 ,5496 ,5196 ,300 ,0 ,17946 ,17358 ,564 ,24 ,3541 ,3456 ,61 ,24 ,14405 ,13902 ,503 ,0 ,1 ,1 ,0 ,0 ,39621 ,467 ,39154 ,33112 ,6042 ,21 
2023-01-27,72966 ,27977 ,6775 ,6452 ,323 ,0 ,21196 ,20406 ,772 ,18 ,3970 ,3872 ,80 ,18 ,17226 ,16534 ,692 ,0 ,6 ,6 ,0 ,0 ,44989 ,570 ,44419 ,37326 ,7093 ,35 
2023-01-30,72328 ,28342 ,6782 ,6398 ,384 ,0 ,21559 ,20826 ,706 ,27 ,4112 ,4015 ,70 ,27 ,17447 ,16811 ,636 ,0 ,1 ,1 ,0 ,0 ,43986 ,487 ,43499 ,35939 ,7560 ,22 
2023-01-31,73928 ,28285 ,7006 ,6687 ,319 ,0 ,21275 ,20510 ,737 ,28 ,4006 ,3907 ,71 ,28 ,17269 ,16603 ,666 ,0 ,4 ,4 ,0 ,0 ,45643 ,541 ,45102 ,37564 ,7538 ,24 
2023-02-01,73440 ,28382 ,6964 ,6600 ,364 ,0 ,21416 ,20672 ,715 ,29 ,3973 ,3880 ,64 ,29 ,17443 ,16792 ,651 ,0 ,2 ,2 ,0 ,0 ,45058 ,538 ,44520 ,37028 ,7492 ,25 
2023-02-02,73658 ,27835 ,6805 ,6460 ,345 ,0 ,21030 ,20299 ,709 ,22 ,3954 ,3856 ,76 ,22 ,17076 ,16443 ,633 ,0 ,0 ,0 ,0 ,0 ,45823 ,498 ,45325 ,37958 ,7367 ,23 
2023-02-03,74091 ,28579 ,6906 ,6557 ,349 ,0 ,21672 ,20866 ,783 ,23 ,3928 ,3810 ,95 ,23 ,17744 ,17056 ,688 ,0 ,1 ,1 ,0 ,0 ,45512 ,551 ,44961 ,37558 ,7403 ,33 
2023-02-06,71072 ,27666 ,6654 ,6299 ,354 ,1 ,21012 ,20288 ,691 ,33 ,4000 ,3904 ,63 ,33 ,17012 ,16384 ,628 ,0 ,0 ,0 ,0 ,0 ,43406 ,483 ,42923 ,35606 ,7317 ,26 
2023-02-07,73446 ,28315 ,7110 ,6773 ,337 ,0 ,21205 ,20462 ,716 ,27 ,3978 ,3882 ,69 ,27 ,17227 ,16580 ,647 ,0 ,0 ,0 ,0 ,0 ,45131 ,494 ,44637 ,37398 ,7239 ,26 
2023-02-08,74811 ,28827 ,7023 ,6636 ,387 ,0 ,21801 ,21051 ,720 ,30 ,4084 ,3994 ,60 ,30 ,17717 ,17057 ,660 ,0 ,3 ,3 ,0 ,0 ,45984 ,493 ,45491 ,37895 ,7596 ,27 
2023-02-09,75468 ,28628 ,7042 ,6702 ,340 ,0 ,21583 ,20779 ,776 ,28 ,4008 ,3908 ,72 ,28 ,17575 ,16871 ,704 ,0 ,3 ,3 ,0 ,0 ,46840 ,524 ,46316 ,38965 ,7351 ,32 
2023-02-10,75218 ,29163 ,7190 ,6848 ,342 ,0 ,21969 ,21168 ,778 ,23 ,3877 ,3782 ,72 ,23 ,18092 ,17386 ,706 ,0 ,4 ,4 ,0 ,0 ,46055 ,556 ,45499 ,38201 ,7298 ,40 
2023-02-13,72237 ,27949 ,6770 ,6419 ,351 ,0 ,21177 ,20436 ,708 ,33 ,4044 ,3946 ,65 ,33 ,17133 ,16490 ,643 ,0 ,2 ,2 ,0 ,0 ,44288 ,514 ,43774 ,36472 ,7302 ,29 
2023-02-14,76035 ,29449 ,7196 ,6847 ,349 ,0 ,22251 ,21459 ,769 ,23 ,4177 ,4077 ,77 ,23 ,18074 ,17382 ,692 ,0 ,2 ,2 ,0 ,0 ,46586 ,568 ,46018 ,38608 ,7410 ,38 
2023-02-15,74609 ,28822 ,7235 ,6905 ,330 ,0 ,21587 ,20827 ,731 ,29 ,4008 ,3930 ,49 ,29 ,17579 ,16897 ,682 ,0 ,0 ,0 ,0 ,0 ,45787 ,557 ,45230 ,38564 ,6666 ,26 
2023-02-16,75634 ,28494 ,7023 ,6700 ,323 ,0 ,21470 ,20716 ,727 ,27 ,4026 ,3943 ,56 ,27 ,17444 ,16773 ,671 ,0 ,1 ,1 ,0 ,0 ,47140 ,627 ,46513 ,39491 ,7022 ,36 
2023-02-17,75318 ,28744 ,7070 ,6681 ,389 ,0 ,21673 ,20925 ,723 ,25 ,3918 ,3826 ,67 ,25 ,17755 ,17099 ,656 ,0 ,1 ,1 ,0 ,0 ,46574 ,586 ,45988 ,38854 ,7134 ,44 
2023-02-20,73379 ,28593 ,6994 ,6651 ,343 ,0 ,21596 ,20850 ,715 ,31 ,4155 ,4057 ,67 ,31 ,17441 ,16793 ,648 ,0 ,3 ,1 ,2 ,0 ,44786 ,540 ,44246 ,36913 ,7333 ,40 
2023-02-21,76410 ,29258 ,7116 ,6751 ,365 ,0 ,22141 ,21296 ,815 ,30 ,4203 ,4099 ,74 ,30 ,17938 ,17197 ,741 ,0 ,1 ,1 ,0 ,0 ,47152 ,603 ,46549 ,39053 ,7496 ,26 
2023-02-22,76615 ,29396 ,7225 ,6863 ,362 ,0 ,22169 ,21365 ,784 ,20 ,4219 ,4118 ,81 ,20 ,17950 ,17247 ,703 ,0 ,2 ,2 ,0 ,0 ,47219 ,617 ,46602 ,39157 ,7445 ,35 
2023-02-23,75857 ,28901 ,7177 ,6862 ,315 ,0 ,21723 ,21015 ,681 ,27 ,4093 ,4004 ,62 ,27 ,17630 ,17011 ,619 ,0 ,1 ,1 ,0 ,0 ,46956 ,523 ,46433 ,39066 ,7367 ,31 
2023-02-24,75652 ,28816 ,7211 ,6835 ,376 ,0 ,21602 ,20797 ,778 ,27 ,3890 ,3790 ,73 ,27 ,17712 ,17007 ,705 ,0 ,3 ,3 ,0 ,0 ,46836 ,665 ,46171 ,39139 ,7032 ,47 
2023-02-27,75618 ,29114 ,7264 ,6907 ,357 ,0 ,21850 ,21045 ,775 ,30 ,4080 ,3976 ,74 ,30 ,17770 ,17069 ,701 ,0 ,0 ,0 ,0 ,0 ,46504 ,551 ,45953 ,38321 ,7632 ,38 
2023-02-28,72266 ,27560 ,6853 ,6480 ,373 ,0 ,20704 ,19951 ,728 ,25 ,3775 ,3687 ,63 ,25 ,16929 ,16264 ,665 ,0 ,3 ,2 ,1 ,0 ,44706 ,547 ,44159 ,37239 ,6920 ,42 
2023-03-02,73332 ,27860 ,6912 ,6574 ,338 ,0 ,20947 ,20193 ,717 ,37 ,3944 ,3842 ,65 ,37 ,17003 ,16351 ,652 ,0 ,1 ,1 ,0 ,0 ,45472 ,527 ,44945 ,37124 ,7821 ,33 
2023-03-03,75273 ,29039 ,7113 ,6751 ,362 ,0 ,21925 ,21165 ,738 ,22 ,4106 ,4007 ,77 ,22 ,17819 ,17158 ,661 ,0 ,1 ,0 ,1 ,0 ,46234 ,553 ,45681 ,38066 ,7615 ,37 
2023-03-06,72266 ,28159 ,6677 ,6305 ,372 ,0 ,21479 ,20716 ,734 ,29 ,4181 ,4071 ,81 ,29 ,17298 ,16645 ,653 ,0 ,3 ,3 ,0 ,0 ,44107 ,569 ,43538 ,35863 ,7675 ,40 
2023-03-07,75032 ,28562 ,6858 ,6483 ,375 ,0 ,21701 ,20902 ,769 ,30 ,4042 ,3947 ,65 ,30 ,17659 ,16955 ,704 ,0 ,3 ,3 ,0 ,0 ,46470 ,511 ,45959 ,38178 ,7781 ,33 
2023-03-08,75124 ,29228 ,6944 ,6608 ,336 ,0 ,22283 ,21540 ,721 ,22 ,4231 ,4146 ,63 ,22 ,18052 ,17394 ,658 ,0 ,1 ,1 ,0 ,0 ,45896 ,570 ,45326 ,37622 ,7704 ,25 
2023-03-09,75148 ,28868 ,6885 ,6573 ,312 ,0 ,21980 ,21229 ,722 ,29 ,4132 ,4033 ,70 ,29 ,17848 ,17196 ,652 ,0 ,3 ,3 ,0 ,0 ,46280 ,535 ,45745 ,38178 ,7567 ,29 
2023-03-10,75185 ,29007 ,6994 ,6658 ,336 ,0 ,22011 ,21202 ,785 ,24 ,4016 ,3918 ,74 ,24 ,17995 ,17284 ,711 ,0 ,2 ,2 ,0 ,0 ,46178 ,605 ,45573 ,38065 ,7508 ,47 
2023-03-13,73347 ,28614 ,6844 ,6484 ,360 ,0 ,21767 ,21026 ,718 ,23 ,4248 ,4165 ,60 ,23 ,17519 ,16861 ,658 ,0 ,3 ,3 ,0 ,0 ,44733 ,508 ,44225 ,36428 ,7797 ,26 
2023-03-14,76404 ,29516 ,7166 ,6820 ,346 ,0 ,22348 ,21593 ,722 ,33 ,4214 ,4110 ,71 ,33 ,18134 ,17483 ,651 ,0 ,2 ,2 ,0 ,0 ,46888 ,580 ,46308 ,38493 ,7815 ,31 
2023-03-15,75909 ,28985 ,6996 ,6689 ,307 ,0 ,21987 ,21219 ,739 ,29 ,4147 ,4049 ,69 ,29 ,17840 ,17170 ,670 ,0 ,2 ,2 ,0 ,0 ,46924 ,530 ,46394 ,38564 ,7830 ,28 
2023-03-16,77269 ,29268 ,7351 ,6978 ,373 ,0 ,21917 ,21103 ,788 ,26 ,4065 ,3961 ,78 ,26 ,17852 ,17142 ,710 ,0 ,0 ,0 ,0 ,0 ,48001 ,526 ,47475 ,39775 ,7700 ,29 
2023-03-17,39240 ,15303 ,3814 ,3649 ,165 ,0 ,11487 ,11070 ,403 ,14 ,2019 ,1963 ,42 ,14 ,9468 ,9107 ,361 ,0 ,2 ,2 ,0 ,0 ,23937 ,393 ,23544 ,19750 ,3794 ,16 
2023-03-20,36930 ,14385 ,3467 ,3293 ,174 ,0 ,10917 ,10561 ,338 ,18 ,2092 ,2047 ,27 ,18 ,8825 ,8514 ,311 ,0 ,1 ,1 ,0 ,0 ,22545 ,359 ,22186 ,18461 ,3725 ,7 
2023-03-21,38050 ,14811 ,3701 ,3513 ,188 ,0 ,11110 ,10734 ,359 ,17 ,2128 ,2072 ,39 ,17 ,8982 ,8662 ,320 ,0 ,0 ,0 ,0 ,0 ,23239 ,368 ,22871 ,19039 ,3832 ,18 
2023-03-22,38259 ,14744 ,3625 ,3453 ,172 ,0 ,11119 ,10701 ,402 ,16 ,2055 ,1989 ,50 ,16 ,9064 ,8712 ,352 ,0 ,0 ,0 ,0 ,0 ,23515 ,371 ,23144 ,19352 ,3792 ,11 
2023-03-23,38109 ,14436 ,3482 ,3338 ,144 ,0 ,10954 ,10577 ,363 ,14 ,2085 ,2025 ,46 ,14 ,8869 ,8552 ,317 ,0 ,0 ,0 ,0 ,0 ,23673 ,402 ,23271 ,19633 ,3638 ,9 
2023-03-24,38499 ,15068 ,3835 ,3652 ,183 ,0 ,11233 ,10815 ,402 ,16 ,1994 ,1935 ,43 ,16 ,9239 ,8880 ,359 ,0 ,0 ,0 ,0 ,0 ,23431 ,439 ,22992 ,19313 ,3679 ,12 
2023-03-27,36968 ,14614 ,3609 ,3440 ,169 ,0 ,11004 ,10618 ,370 ,16 ,2119 ,2061 ,42 ,16 ,8885 ,8557 ,328 ,0 ,1 ,1 ,0 ,0 ,22354 ,374 ,21980 ,18140 ,3840 ,13 
2023-03-28,38694 ,15096 ,3784 ,3603 ,181 ,0 ,11310 ,10934 ,362 ,14 ,2101 ,2054 ,33 ,14 ,9209 ,8880 ,329 ,0 ,2 ,2 ,0 ,0 ,23598 ,381 ,23217 ,19319 ,3898 ,13 
2023-03-29,38770 ,14796 ,3761 ,3599 ,162 ,0 ,11034 ,10644 ,375 ,15 ,2043 ,1991 ,37 ,15 ,8991 ,8653 ,338 ,0 ,1 ,1 ,0 ,0 ,23974 ,385 ,23589 ,19648 ,3941 ,18 
2023-03-30,38677 ,14803 ,3735 ,3553 ,182 ,0 ,11066 ,10666 ,383 ,17 ,2037 ,1987 ,33 ,17 ,9029 ,8679 ,350 ,0 ,2 ,2 ,0 ,0 ,23874 ,407 ,23467 ,19546 ,3921 ,14 
2023-03-31,39575 ,15369 ,3847 ,3650 ,197 ,0 ,11521 ,11069 ,438 ,14 ,1993 ,1939 ,40 ,14 ,9528 ,9130 ,398 ,0 ,1 ,1 ,0 ,0 ,24206 ,423 ,23783 ,19818 ,3965 ,22 
2023-04-03,37111 ,14430 ,3516 ,3349 ,167 ,0 ,10914 ,10531 ,370 ,13 ,2109 ,2070 ,26 ,13 ,8805 ,8461 ,344 ,0 ,0 ,0 ,0 ,0 ,22681 ,384 ,22297 ,18422 ,3875 ,13 
2023-04-04,37785 ,14588 ,3622 ,3469 ,153 ,0 ,10965 ,10579 ,372 ,14 ,2048 ,1996 ,38 ,14 ,8917 ,8583 ,334 ,0 ,1 ,1 ,0 ,0 ,23197 ,389 ,22808 ,19154 ,3654 ,16 
2023-04-05,36783 ,14825 ,3492 ,3337 ,155 ,0 ,11332 ,10944 ,378 ,10 ,2146 ,2095 ,41 ,10 ,9186 ,8849 ,337 ,0 ,1 ,1 ,0 ,0 ,21958 ,389 ,21569 ,17934 ,3635 ,17 
2023-04-06,37915 ,14661 ,3603 ,3422 ,181 ,0 ,11057 ,10682 ,356 ,19 ,2045 ,1998 ,28 ,19 ,9012 ,8684 ,328 ,0 ,1 ,1 ,0 ,0 ,23254 ,384 ,22870 ,19284 ,3586 ,13 
2023-04-07,38862 ,14957 ,3784 ,3606 ,178 ,0 ,11173 ,10749 ,411 ,13 ,1944 ,1895 ,36 ,13 ,9229 ,8854 ,375 ,0 ,0 ,0 ,0 ,0 ,23905 ,436 ,23469 ,19756 ,3713 ,21 
2023-04-10,37111 ,14171 ,3529 ,3343 ,186 ,0 ,10641 ,10285 ,342 ,14 ,2042 ,2000 ,28 ,14 ,8599 ,8285 ,314 ,0 ,1 ,1 ,0 ,0 ,22940 ,369 ,22571 ,18697 ,3874 ,16 
2023-04-11,37316 ,14197 ,3481 ,3335 ,146 ,0 ,10715 ,10341 ,361 ,13 ,2055 ,2012 ,30 ,13 ,8660 ,8329 ,331 ,0 ,1 ,1 ,0 ,0 ,23119 ,371 ,22748 ,18810 ,3938 ,11 
2023-04-12,38669 ,14918 ,3842 ,3693 ,149 ,0 ,11073 ,10700 ,361 ,12 ,2019 ,1970 ,37 ,12 ,9054 ,8730 ,324 ,0 ,3 ,3 ,0 ,0 ,23751 ,410 ,23341 ,19390 ,3951 ,11 
2023-04-13,38634 ,14847 ,3647 ,3463 ,184 ,0 ,11198 ,10823 ,356 ,19 ,2088 ,2029 ,40 ,19 ,9110 ,8794 ,316 ,0 ,2 ,2 ,0 ,0 ,23787 ,420 ,23367 ,19450 ,3917 ,15 
2023-04-14,38643 ,14953 ,3795 ,3606 ,189 ,0 ,11157 ,10789 ,358 ,10 ,2002 ,1944 ,48 ,10 ,9155 ,8845 ,310 ,0 ,1 ,1 ,0 ,0 ,23690 ,482 ,23208 ,19418 ,3790 ,22 
2023-05-17,71747 ,27553 ,7215 ,6900 ,315 ,0 ,20338 ,19582 ,733 ,23 ,3672 ,3572 ,77 ,23 ,16666 ,16010 ,656 ,0 ,0 ,0 ,0 ,0 ,44194 ,1165 ,43029 ,35970 ,7059 ,57 
2023-05-18,74109 ,27800 ,6921 ,6588 ,333 ,0 ,20879 ,20141 ,716 ,22 ,3715 ,3628 ,65 ,22 ,17164 ,16513 ,651 ,0 ,0 ,0 ,0 ,0 ,46309 ,916 ,45393 ,38251 ,7142 ,40 
2023-05-19,75366 ,28532 ,7187 ,6808 ,379 ,0 ,21343 ,20602 ,723 ,18 ,3729 ,3625 ,86 ,18 ,17614 ,16977 ,637 ,0 ,2 ,2 ,0 ,0 ,46834 ,903 ,45931 ,38769 ,7162 ,49 
2023-05-22,73194 ,28043 ,6818 ,6489 ,329 ,0 ,21223 ,20460 ,741 ,22 ,4029 ,3930 ,77 ,22 ,17194 ,16530 ,664 ,0 ,2 ,2 ,0 ,0 ,45151 ,719 ,44432 ,36767 ,7665 ,36 
2023-05-23,74792 ,28074 ,6842 ,6524 ,318 ,0 ,21232 ,20474 ,733 ,25 ,3906 ,3810 ,71 ,25 ,17326 ,16664 ,662 ,0 ,0 ,0 ,0 ,0 ,46718 ,684 ,46034 ,38376 ,7658 ,41 
2023-05-24,75900 ,28325 ,6982 ,6639 ,343 ,0 ,21343 ,20565 ,749 ,29 ,4034 ,3920 ,85 ,29 ,17309 ,16645 ,664 ,0 ,0 ,0 ,0 ,0 ,47575 ,753 ,46822 ,39189 ,7633 ,40 
2023-05-25,76572 ,28846 ,7185 ,6846 ,339 ,0 ,21660 ,20847 ,774 ,39 ,3968 ,3854 ,75 ,39 ,17692 ,16993 ,699 ,0 ,1 ,1 ,0 ,0 ,47726 ,703 ,47023 ,39279 ,7744 ,41 
2023-05-26,75884 ,29084 ,7434 ,7059 ,375 ,0 ,21646 ,20818 ,810 ,18 ,3688 ,3594 ,76 ,18 ,17958 ,17224 ,734 ,0 ,4 ,4 ,0 ,0 ,46800 ,718 ,46082 ,38687 ,7395 ,46 
2023-05-30,72599 ,27917 ,6827 ,6486 ,341 ,0 ,21090 ,20329 ,734 ,27 ,3882 ,3789 ,66 ,27 ,17208 ,16540 ,668 ,0 ,0 ,0 ,0 ,0 ,44682 ,628 ,44054 ,36660 ,7394 ,35 
2023-05-31,70082 ,26414 ,6377 ,6098 ,279 ,0 ,20036 ,19292 ,713 ,31 ,3705 ,3600 ,74 ,31 ,16331 ,15692 ,639 ,0 ,1 ,1 ,0 ,0 ,43668 ,690 ,42978 ,35852 ,7126 ,34 
2023-06-01,72879 ,27477 ,6722 ,6382 ,340 ,0 ,20752 ,20030 ,698 ,24 ,3849 ,3757 ,68 ,24 ,16903 ,16273 ,630 ,0 ,3 ,3 ,0 ,0 ,45402 ,620 ,44782 ,37293 ,7489 ,34 
2023-06-02,74237 ,27905 ,6760 ,6425 ,335 ,0 ,21144 ,20372 ,747 ,25 ,3773 ,3680 ,68 ,25 ,17371 ,16692 ,679 ,0 ,1 ,1 ,0 ,0 ,46332 ,689 ,45643 ,38159 ,7484 ,35 
2023-06-05,71433 ,26996 ,6890 ,6524 ,366 ,0 ,20102 ,19329 ,752 ,21 ,3464 ,3373 ,70 ,21 ,16638 ,15956 ,682 ,0 ,4 ,4 ,0 ,0 ,44437 ,724 ,43713 ,36738 ,6975 ,37 
2023-06-07,74215 ,28050 ,6756 ,6432 ,324 ,0 ,21294 ,20539 ,728 ,27 ,4090 ,3986 ,77 ,27 ,17204 ,16553 ,651 ,0 ,0 ,0 ,0 ,0 ,46165 ,653 ,45512 ,37759 ,7753 ,21 
2023-06-08,73590 ,27536 ,6609 ,6280 ,329 ,0 ,20923 ,20109 ,781 ,33 ,3926 ,3812 ,81 ,33 ,16997 ,16297 ,700 ,0 ,4 ,4 ,0 ,0 ,46054 ,638 ,45416 ,37910 ,7506 ,29 
2023-06-09,74372 ,27810 ,6757 ,6406 ,351 ,0 ,21051 ,20215 ,806 ,30 ,3797 ,3697 ,70 ,30 ,17254 ,16518 ,736 ,0 ,2 ,2 ,0 ,0 ,46562 ,714 ,45848 ,38311 ,7537 ,33 
2023-06-12,71819 ,27430 ,6810 ,6499 ,311 ,0 ,20617 ,19846 ,749 ,22 ,3968 ,3871 ,75 ,22 ,16649 ,15975 ,674 ,0 ,3 ,3 ,0 ,0 ,44389 ,570 ,43819 ,36288 ,7531 ,22 
2023-06-13,74092 ,28032 ,6801 ,6451 ,350 ,0 ,21231 ,20454 ,744 ,33 ,4007 ,3891 ,83 ,33 ,17224 ,16563 ,661 ,0 ,0 ,0 ,0 ,0 ,46060 ,620 ,45440 ,37700 ,7740 ,26 
2023-06-14,73559 ,27694 ,6629 ,6294 ,335 ,0 ,21063 ,20323 ,711 ,29 ,3944 ,3845 ,70 ,29 ,17119 ,16478 ,641 ,0 ,2 ,2 ,0 ,0 ,45865 ,654 ,45211 ,37686 ,7525 ,32 
2023-06-15,75357 ,28255 ,6866 ,6556 ,310 ,0 ,21388 ,20608 ,747 ,33 ,3995 ,3881 ,81 ,33 ,17393 ,16727 ,666 ,0 ,1 ,1 ,0 ,0 ,47102 ,633 ,46469 ,38758 ,7711 ,38 
2023-06-16,74418 ,28184 ,6689 ,6365 ,324 ,0 ,21495 ,20699 ,765 ,31 ,3902 ,3791 ,80 ,31 ,17593 ,16908 ,685 ,0 ,0 ,0 ,0 ,0 ,46234 ,702 ,45532 ,37868 ,7664 ,39 
2023-06-19,73460 ,28428 ,6820 ,6490 ,330 ,0 ,21607 ,20750 ,825 ,32 ,4145 ,4018 ,95 ,32 ,17462 ,16732 ,730 ,0 ,1 ,1 ,0 ,0 ,45032 ,607 ,44425 ,36584 ,7841 ,30 
2023-06-20,74889 ,28293 ,6756 ,6441 ,315 ,0 ,21535 ,20783 ,724 ,28 ,4073 ,3969 ,76 ,28 ,17462 ,16814 ,648 ,0 ,2 ,2 ,0 ,0 ,46596 ,639 ,45957 ,38283 ,7674 ,23 
2023-06-21,72675 ,28774 ,6785 ,6462 ,323 ,0 ,21987 ,21171 ,786 ,30 ,4189 ,4078 ,81 ,30 ,17798 ,17093 ,705 ,0 ,2 ,2 ,0 ,0 ,43901 ,622 ,43279 ,35525 ,7754 ,35 
2023-06-22,75875 ,28289 ,6821 ,6471 ,350 ,0 ,21463 ,20728 ,717 ,18 ,3959 ,3866 ,75 ,18 ,17504 ,16862 ,642 ,0 ,5 ,3 ,2 ,0 ,47586 ,615 ,46971 ,39315 ,7656 ,35 
2023-06-23,74814 ,28026 ,6677 ,6352 ,325 ,0 ,21347 ,20503 ,815 ,29 ,4022 ,3903 ,90 ,29 ,17325 ,16600 ,725 ,0 ,2 ,2 ,0 ,0 ,46788 ,760 ,46028 ,38539 ,7489 ,37 
2023-06-26,71814 ,28491 ,6527 ,6192 ,335 ,0 ,21962 ,21135 ,800 ,27 ,4338 ,4224 ,87 ,27 ,17624 ,16911 ,713 ,0 ,2 ,2 ,0 ,0 ,43323 ,662 ,42661 ,34693 ,7968 ,37 
2023-06-27,77280 ,29606 ,7143 ,6796 ,347 ,0 ,22462 ,21627 ,812 ,23 ,4099 ,3989 ,87 ,23 ,18363 ,17638 ,725 ,0 ,1 ,1 ,0 ,0 ,47674 ,635 ,47039 ,39184 ,7855 ,30 
2023-06-28,76099 ,28787 ,6816 ,6475 ,341 ,0 ,21969 ,21196 ,746 ,27 ,4136 ,4034 ,75 ,27 ,17833 ,17162 ,671 ,0 ,2 ,2 ,0 ,0 ,47312 ,660 ,46652 ,38566 ,8086 ,29 
2023-06-29,71547 ,28146 ,6371 ,6090 ,281 ,0 ,21774 ,20985 ,763 ,26 ,4186 ,4084 ,76 ,26 ,17588 ,16901 ,687 ,0 ,1 ,0 ,1 ,0 ,43401 ,681 ,42720 ,34972 ,7748 ,29 
2023-06-30,75458 ,29780 ,6847 ,6479 ,368 ,0 ,22930 ,22019 ,882 ,29 ,4213 ,4111 ,73 ,29 ,18717 ,17908 ,809 ,0 ,3 ,3 ,0 ,0 ,45678 ,675 ,45003 ,37268 ,7735 ,32 
2023-07-03,73259 ,28376 ,6747 ,6422 ,325 ,0 ,21628 ,20834 ,768 ,26 ,4287 ,4179 ,82 ,26 ,17341 ,16655 ,686 ,0 ,1 ,1 ,0 ,0 ,44883 ,678 ,44205 ,36320 ,7885 ,28 
2023-07-04,72680 ,28429 ,6716 ,6414 ,302 ,0 ,21712 ,20962 ,724 ,26 ,4163 ,4059 ,78 ,26 ,17549 ,16903 ,646 ,0 ,1 ,1 ,0 ,0 ,44251 ,669 ,43582 ,35604 ,7978 ,36 
2023-07-05,74608 ,28767 ,6716 ,6383 ,333 ,0 ,22049 ,21227 ,784 ,38 ,4199 ,4080 ,81 ,38 ,17850 ,17147 ,703 ,0 ,2 ,2 ,0 ,0 ,45841 ,699 ,45142 ,37362 ,7780 ,26 
2023-07-06,73640 ,28051 ,6790 ,6471 ,319 ,0 ,21260 ,20497 ,733 ,30 ,3962 ,3864 ,68 ,30 ,17298 ,16633 ,665 ,0 ,1 ,1 ,0 ,0 ,45589 ,678 ,44911 ,37238 ,7673 ,30 
2023-07-07,74532 ,28548 ,6652 ,6309 ,343 ,0 ,21895 ,21080 ,785 ,30 ,4053 ,3959 ,64 ,30 ,17842 ,17121 ,721 ,0 ,1 ,1 ,0 ,0 ,45984 ,670 ,45314 ,37765 ,7549 ,31 
2023-07-10,72823 ,28393 ,6540 ,6191 ,349 ,0 ,21852 ,21080 ,737 ,35 ,4290 ,4188 ,67 ,35 ,17562 ,16892 ,670 ,0 ,1 ,1 ,0 ,0 ,44430 ,657 ,43773 ,36077 ,7696 ,34 
2023-07-11,69508 ,27665 ,6236 ,5905 ,331 ,0 ,21428 ,20669 ,730 ,29 ,4122 ,4021 ,72 ,29 ,17306 ,16648 ,658 ,0 ,1 ,1 ,0 ,0 ,41843 ,645 ,41198 ,33580 ,7618 ,23 
2023-07-12,75432 ,28748 ,6723 ,6384 ,339 ,0 ,22023 ,21216 ,774 ,33 ,4188 ,4089 ,66 ,33 ,17835 ,17127 ,708 ,0 ,2 ,2 ,0 ,0 ,46684 ,642 ,46042 ,38132 ,7910 ,36 
2023-07-13,68638 ,26531 ,5920 ,5665 ,255 ,0 ,20609 ,19885 ,697 ,27 ,4094 ,3988 ,79 ,27 ,16515 ,15897 ,618 ,0 ,2 ,2 ,0 ,0 ,42107 ,674 ,41433 ,33990 ,7443 ,39 
2023-07-14,69573 ,27356 ,6209 ,5873 ,336 ,0 ,21147 ,20372 ,747 ,28 ,4036 ,3924 ,84 ,28 ,17111 ,16448 ,663 ,0 ,0 ,0 ,0 ,0 ,42217 ,751 ,41466 ,34367 ,7099 ,27 
2023-07-17,72759 ,28021 ,6582 ,6269 ,313 ,0 ,21437 ,20610 ,787 ,40 ,4190 ,4079 ,71 ,40 ,17247 ,16531 ,716 ,0 ,2 ,1 ,1 ,0 ,44738 ,601 ,44137 ,36074 ,8063 ,39 
2023-07-18,73362 ,28456 ,6513 ,6199 ,314 ,0 ,21940 ,21105 ,781 ,54 ,4289 ,4161 ,74 ,54 ,17651 ,16944 ,707 ,0 ,3 ,3 ,0 ,0 ,44906 ,591 ,44315 ,36287 ,8028 ,27 
2023-07-19,74991 ,28707 ,6706 ,6406 ,300 ,0 ,21999 ,21208 ,759 ,32 ,4281 ,4179 ,70 ,32 ,17718 ,17029 ,689 ,0 ,2 ,2 ,0 ,0 ,46284 ,626 ,45658 ,37353 ,8305 ,31 
2023-07-20,73291 ,27644 ,6565 ,6270 ,295 ,0 ,21076 ,20304 ,736 ,36 ,3977 ,3878 ,63 ,36 ,17099 ,16426 ,673 ,0 ,3 ,3 ,0 ,0 ,45647 ,689 ,44958 ,37227 ,7731 ,35 
2023-07-21,72885 ,27807 ,6439 ,6138 ,301 ,0 ,21367 ,20624 ,719 ,24 ,4035 ,3936 ,75 ,24 ,17332 ,16688 ,644 ,0 ,1 ,1 ,0 ,0 ,45078 ,673 ,44405 ,36735 ,7670 ,27 
2023-07-24,70638 ,26202 ,5984 ,5696 ,288 ,0 ,20211 ,19480 ,704 ,27 ,3955 ,3875 ,53 ,27 ,16256 ,15605 ,651 ,0 ,7 ,7 ,0 ,0 ,44436 ,627 ,43809 ,35957 ,7852 ,42 
2023-07-25,72852 ,26816 ,6203 ,5915 ,288 ,0 ,20613 ,19882 ,691 ,40 ,4062 ,3949 ,73 ,40 ,16551 ,15933 ,618 ,0 ,0 ,0 ,0 ,0 ,46036 ,583 ,45453 ,37645 ,7808 ,33 
2023-07-26,73187 ,27702 ,6549 ,6192 ,357 ,0 ,21151 ,20340 ,772 ,39 ,3978 ,3872 ,67 ,39 ,17173 ,16468 ,705 ,0 ,2 ,2 ,0 ,0 ,45485 ,704 ,44781 ,36656 ,8125 ,37 
2023-07-27,72890 ,27074 ,6561 ,6266 ,295 ,0 ,20511 ,19721 ,750 ,40 ,3809 ,3702 ,67 ,40 ,16702 ,16019 ,683 ,0 ,2 ,1 ,1 ,0 ,45816 ,628 ,45188 ,37523 ,7665 ,32 
2023-07-28,73643 ,27613 ,6509 ,6182 ,327 ,0 ,21102 ,20280 ,792 ,30 ,3846 ,3737 ,79 ,30 ,17256 ,16543 ,713 ,0 ,2 ,0 ,2 ,0 ,46030 ,724 ,45306 ,37636 ,7670 ,34 
2023-07-31,73681 ,27763 ,6676 ,6329 ,347 ,0 ,21087 ,20234 ,823 ,30 ,4010 ,3913 ,67 ,30 ,17077 ,16321 ,756 ,0 ,0 ,0 ,0 ,0 ,45918 ,704 ,45214 ,37240 ,7974 ,34 
2023-08-01,73520 ,27674 ,6671 ,6310 ,361 ,0 ,21002 ,20158 ,806 ,38 ,3865 ,3765 ,62 ,38 ,17137 ,16393 ,744 ,0 ,1 ,0 ,1 ,0 ,45846 ,655 ,45191 ,37160 ,8031 ,38 
2023-08-02,73381 ,27269 ,6448 ,6132 ,316 ,0 ,20819 ,20008 ,776 ,35 ,3903 ,3793 ,75 ,35 ,16916 ,16215 ,701 ,0 ,2 ,2 ,0 ,0 ,46112 ,650 ,45462 ,37268 ,8194 ,30 
2023-08-03,75559 ,27774 ,6304 ,6007 ,297 ,0 ,21468 ,20585 ,845 ,38 ,3891 ,3764 ,89 ,38 ,17577 ,16821 ,756 ,0 ,2 ,2 ,0 ,0 ,47785 ,701 ,47084 ,38715 ,8369 ,31 
2023-08-04,75313 ,27893 ,6514 ,6229 ,285 ,0 ,21378 ,20508 ,834 ,36 ,3830 ,3722 ,72 ,36 ,17548 ,16786 ,762 ,0 ,1 ,1 ,0 ,0 ,47420 ,737 ,46683 ,38635 ,8048 ,24 
2023-08-07,71873 ,26870 ,6096 ,5772 ,324 ,0 ,20772 ,20013 ,725 ,34 ,4116 ,4003 ,79 ,34 ,16656 ,16010 ,646 ,0 ,2 ,2 ,0 ,0 ,45003 ,668 ,44335 ,36388 ,7947 ,28 
2023-08-08,72513 ,27264 ,6324 ,5985 ,339 ,0 ,20938 ,20136 ,755 ,47 ,3897 ,3778 ,72 ,47 ,17041 ,16358 ,683 ,0 ,2 ,2 ,0 ,0 ,45249 ,580 ,44669 ,36619 ,8050 ,34 
2023-08-09,73673 ,27561 ,6271 ,5949 ,322 ,0 ,21289 ,20474 ,774 ,41 ,4069 ,3947 ,81 ,41 ,17220 ,16527 ,693 ,0 ,1 ,0 ,1 ,0 ,46112 ,608 ,45504 ,37461 ,8043 ,30 
2023-08-10,63829 ,24583 ,5251 ,5001 ,250 ,0 ,19330 ,18659 ,631 ,40 ,3939 ,3831 ,68 ,40 ,15391 ,14828 ,563 ,0 ,2 ,2 ,0 ,0 ,39246 ,671 ,38575 ,31627 ,6948 ,29 
2023-08-11,71079 ,27383 ,6129 ,5803 ,326 ,0 ,21254 ,20457 ,766 ,31 ,4031 ,3915 ,85 ,31 ,17223 ,16542 ,681 ,0 ,0 ,0 ,0 ,0 ,43696 ,692 ,43004 ,35195 ,7809 ,30 
2023-08-14,71989 ,26536 ,6777 ,6415 ,362 ,0 ,19758 ,18959 ,770 ,29 ,3462 ,3364 ,69 ,29 ,16296 ,15595 ,701 ,0 ,1 ,1 ,0 ,0 ,45453 ,698 ,44755 ,37510 ,7245 ,35 
2023-08-16,73882 ,27786 ,6468 ,6132 ,336 ,0 ,21315 ,20524 ,749 ,42 ,4118 ,4014 ,62 ,42 ,17197 ,16510 ,687 ,0 ,3 ,3 ,0 ,0 ,46096 ,590 ,45506 ,37248 ,8258 ,26 
2023-08-17,74125 ,27606 ,6611 ,6312 ,299 ,0 ,20995 ,20238 ,718 ,39 ,3934 ,3828 ,67 ,39 ,17061 ,16410 ,651 ,0 ,0 ,0 ,0 ,0 ,46519 ,576 ,45943 ,37993 ,7950 ,44 
2023-08-18,74494 ,27904 ,6361 ,6009 ,352 ,0 ,21542 ,20771 ,737 ,34 ,4175 ,4066 ,75 ,34 ,17367 ,16705 ,662 ,0 ,1 ,1 ,0 ,0 ,46590 ,646 ,45944 ,37947 ,7997 ,38 
2023-08-21,73141 ,27959 ,6435 ,6103 ,332 ,0 ,21523 ,20744 ,739 ,40 ,4337 ,4222 ,75 ,40 ,17186 ,16522 ,664 ,0 ,1 ,1 ,0 ,0 ,45182 ,677 ,44505 ,36331 ,8174 ,41 
2023-08-22,71825 ,27286 ,6123 ,5793 ,330 ,0 ,21162 ,20409 ,717 ,36 ,4197 ,4086 ,75 ,36 ,16965 ,16323 ,642 ,0 ,1 ,1 ,0 ,0 ,44539 ,613 ,43926 ,35915 ,8011 ,27 
2023-08-23,70741 ,27401 ,6150 ,5845 ,305 ,0 ,21250 ,20445 ,766 ,39 ,4228 ,4103 ,86 ,39 ,17022 ,16342 ,680 ,0 ,1 ,1 ,0 ,0 ,43340 ,583 ,42757 ,34973 ,7784 ,26 
2023-08-24,75461 ,28567 ,6487 ,6192 ,295 ,0 ,22080 ,21321 ,706 ,53 ,4301 ,4167 ,81 ,53 ,17779 ,17154 ,625 ,0 ,0 ,0 ,0 ,0 ,46894 ,650 ,46244 ,37963 ,8281 ,34 
2023-08-25,73986 ,28208 ,6537 ,6243 ,294 ,0 ,21671 ,20872 ,767 ,32 ,4089 ,4001 ,56 ,32 ,17582 ,16871 ,711 ,0 ,0 ,0 ,0 ,0 ,45778 ,636 ,45142 ,37087 ,8055 ,46 
2023-08-28,71861 ,28473 ,6282 ,5968 ,314 ,0 ,22188 ,21377 ,776 ,35 ,4499 ,4380 ,84 ,35 ,17689 ,16997 ,692 ,0 ,3 ,3 ,0 ,0 ,43388 ,635 ,42753 ,34460 ,8293 ,33 
2023-08-29,71863 ,27419 ,6010 ,5732 ,278 ,0 ,21409 ,20634 ,733 ,42 ,4251 ,4134 ,75 ,42 ,17158 ,16500 ,658 ,0 ,0 ,0 ,0 ,0 ,44444 ,600 ,43844 ,35693 ,8151 ,21 
2023-08-30,72131 ,27552 ,6317 ,6012 ,305 ,0 ,21233 ,20515 ,678 ,40 ,4122 ,4025 ,57 ,40 ,17111 ,16490 ,621 ,0 ,2 ,2 ,0 ,0 ,44579 ,623 ,43956 ,35859 ,8097 ,21 
2023-08-31,74393 ,28074 ,6347 ,6057 ,290 ,0 ,21727 ,20933 ,751 ,43 ,4119 ,3996 ,80 ,43 ,17608 ,16937 ,671 ,0 ,0 ,0 ,0 ,0 ,46319 ,620 ,45699 ,37417 ,8282 ,18 
2023-09-01,74663 ,28359 ,6330 ,6005 ,325 ,0 ,22028 ,21222 ,777 ,29 ,4099 ,3993 ,77 ,29 ,17929 ,17229 ,700 ,0 ,1 ,1 ,0 ,0 ,46304 ,712 ,45592 ,37566 ,8026 ,36 
2023-09-04,74324 ,27597 ,6153 ,5824 ,329 ,0 ,21444 ,20672 ,734 ,38 ,4268 ,4169 ,61 ,38 ,17176 ,16503 ,673 ,0 ,0 ,0 ,0 ,0 ,46727 ,672 ,46055 ,37872 ,8183 ,17 
2023-09-05,73526 ,27384 ,6301 ,5991 ,310 ,0 ,21082 ,20408 ,638 ,36 ,4073 ,3971 ,66 ,36 ,17009 ,16437 ,572 ,0 ,1 ,1 ,0 ,0 ,46142 ,581 ,45561 ,37542 ,8019 ,40 
2023-09-06,74119 ,27614 ,6307 ,5995 ,312 ,0 ,21307 ,20519 ,749 ,39 ,4126 ,4009 ,78 ,39 ,17181 ,16510 ,671 ,0 ,0 ,0 ,0 ,0 ,46505 ,654 ,45851 ,37755 ,8096 ,33 
2023-09-07,76562 ,28675 ,6549 ,6246 ,303 ,0 ,22124 ,21373 ,713 ,38 ,4212 ,4099 ,75 ,38 ,17912 ,17274 ,638 ,0 ,2 ,2 ,0 ,0 ,47887 ,659 ,47228 ,38928 ,8300 ,32 
2023-09-08,73648 ,27436 ,6214 ,5875 ,339 ,0 ,21220 ,20486 ,709 ,25 ,4058 ,3956 ,77 ,25 ,17162 ,16530 ,632 ,0 ,2 ,2 ,0 ,0 ,46212 ,694 ,45518 ,37748 ,7770 ,49 
2023-09-11,73521 ,28047 ,6209 ,5857 ,352 ,0 ,21837 ,21050 ,751 ,36 ,4459 ,4367 ,56 ,36 ,17378 ,16683 ,695 ,0 ,1 ,1 ,0 ,0 ,45474 ,597 ,44877 ,36866 ,8011 ,29 
2023-09-12,75001 ,28333 ,6613 ,6292 ,321 ,0 ,21718 ,20960 ,712 ,46 ,4199 ,4081 ,72 ,46 ,17519 ,16879 ,640 ,0 ,2 ,2 ,0 ,0 ,46668 ,642 ,46026 ,37968 ,8058 ,21 
2023-09-13,70259 ,27028 ,6121 ,5833 ,288 ,0 ,20907 ,20185 ,681 ,41 ,4126 ,4031 ,54 ,41 ,16781 ,16154 ,627 ,0 ,0 ,0 ,0 ,0 ,43231 ,667 ,42564 ,34750 ,7814 ,24 
2023-09-14,75631 ,28569 ,6710 ,6411 ,299 ,0 ,21859 ,21034 ,778 ,47 ,4172 ,4048 ,77 ,47 ,17687 ,16986 ,701 ,0 ,0 ,0 ,0 ,0 ,47062 ,614 ,46448 ,38135 ,8313 ,24 
2023-09-15,73364 ,28398 ,6264 ,5964 ,300 ,0 ,22133 ,21262 ,841 ,30 ,4240 ,4113 ,97 ,30 ,17893 ,17149 ,744 ,0 ,1 ,1 ,0 ,0 ,44966 ,719 ,44247 ,36197 ,8050 ,37 
2023-09-18,74595 ,28572 ,6535 ,6208 ,327 ,0 ,22036 ,21229 ,771 ,36 ,4467 ,4335 ,96 ,36 ,17569 ,16894 ,675 ,0 ,1 ,1 ,0 ,0 ,46023 ,655 ,45368 ,37066 ,8302 ,29 
2023-09-19,75805 ,28707 ,6519 ,6179 ,340 ,0 ,22187 ,21412 ,733 ,42 ,4325 ,4205 ,78 ,42 ,17862 ,17207 ,655 ,0 ,1 ,1 ,0 ,0 ,47098 ,616 ,46482 ,37945 ,8537 ,32 
2023-09-20,72434 ,28631 ,6297 ,6012 ,285 ,0 ,22333 ,21568 ,729 ,36 ,4446 ,4332 ,78 ,36 ,17887 ,17236 ,651 ,0 ,1 ,1 ,0 ,0 ,43803 ,634 ,43169 ,34764 ,8405 ,17 
2023-09-21,77866 ,29597 ,6722 ,6409 ,313 ,0 ,22873 ,22024 ,813 ,36 ,4309 ,4176 ,97 ,36 ,18564 ,17848 ,716 ,0 ,2 ,2 ,0 ,0 ,48269 ,615 ,47654 ,39196 ,8458 ,29 
2023-09-22,75727 ,28921 ,6547 ,6215 ,332 ,0 ,22372 ,21511 ,836 ,25 ,4132 ,4020 ,87 ,25 ,18240 ,17491 ,749 ,0 ,2 ,2 ,0 ,0 ,46806 ,734 ,46072 ,37939 ,8133 ,39 
2023-09-25,74836 ,29348 ,6768 ,6408 ,360 ,0 ,22578 ,21750 ,794 ,34 ,4560 ,4445 ,81 ,34 ,18018 ,17305 ,713 ,0 ,2 ,2 ,0 ,0 ,45488 ,705 ,44783 ,36346 ,8437 ,28 
2023-09-26,67363 ,27873 ,6278 ,5940 ,338 ,0 ,21593 ,20802 ,764 ,27 ,4133 ,4038 ,68 ,27 ,17460 ,16764 ,696 ,0 ,2 ,2 ,0 ,0 ,39490 ,726 ,38764 ,30925 ,7839 ,31 
2023-09-27,73840 ,30413 ,6716 ,6352 ,364 ,0 ,23695 ,22734 ,921 ,40 ,4461 ,4332 ,89 ,40 ,19234 ,18402 ,832 ,0 ,2 ,2 ,0 ,0 ,43427 ,742 ,42685 ,34482 ,8203 ,41 
2023-10-04,69991 ,26129 ,5872 ,5561 ,311 ,0 ,20255 ,19561 ,662 ,32 ,4114 ,4022 ,60 ,32 ,16141 ,15539 ,602 ,0 ,2 ,2 ,0 ,0 ,43862 ,681 ,43181 ,35322 ,7859 ,15 
2023-10-05,74102 ,27425 ,6272 ,5950 ,322 ,0 ,21152 ,20409 ,712 ,31 ,4152 ,4052 ,69 ,31 ,17000 ,16357 ,643 ,0 ,1 ,1 ,0 ,0 ,46677 ,648 ,46029 ,38025 ,8004 ,29 
2023-10-06,75021 ,27694 ,6434 ,6110 ,324 ,0 ,21258 ,20535 ,695 ,28 ,4038 ,3952 ,58 ,28 ,17220 ,16583 ,637 ,0 ,2 ,2 ,0 ,0 ,47327 ,668 ,46659 ,38623 ,8036 ,25 
2023-10-10,75460 ,28269 ,6416 ,6087 ,329 ,0 ,21852 ,21015 ,795 ,42 ,4211 ,4087 ,82 ,42 ,17641 ,16928 ,713 ,0 ,1 ,1 ,0 ,0 ,47191 ,644 ,46547 ,38222 ,8325 ,29 
2023-10-11,76321 ,27917 ,6569 ,6229 ,340 ,0 ,21345 ,20612 ,696 ,37 ,4224 ,4113 ,74 ,37 ,17121 ,16499 ,622 ,0 ,3 ,3 ,0 ,0 ,48404 ,635 ,47769 ,39477 ,8292 ,32 
2023-10-12,76081 ,27982 ,6598 ,6267 ,331 ,0 ,21381 ,20604 ,742 ,35 ,4162 ,4055 ,72 ,35 ,17219 ,16549 ,670 ,0 ,3 ,3 ,0 ,0 ,48099 ,654 ,47445 ,39276 ,8169 ,38 
2023-10-13,75140 ,27497 ,6307 ,5953 ,354 ,0 ,21188 ,20371 ,793 ,24 ,3967 ,3862 ,81 ,24 ,17221 ,16509 ,712 ,0 ,2 ,2 ,0 ,0 ,47643 ,727 ,46916 ,39099 ,7817 ,22 
2023-10-16,73989 ,27685 ,6318 ,5974 ,344 ,0 ,21366 ,20585 ,740 ,41 ,4235 ,4123 ,71 ,41 ,17131 ,16462 ,669 ,0 ,1 ,1 ,0 ,0 ,46304 ,669 ,45635 ,37510 ,8125 ,34 
2023-10-17,75507 ,27788 ,6577 ,6278 ,299 ,0 ,21210 ,20431 ,743 ,36 ,4125 ,4006 ,83 ,36 ,17085 ,16425 ,660 ,0 ,1 ,1 ,0 ,0 ,47719 ,643 ,47076 ,38760 ,8316 ,27 
2023-10-18,75205 ,27285 ,6232 ,5907 ,325 ,0 ,21052 ,20293 ,722 ,37 ,4142 ,4036 ,69 ,37 ,16910 ,16257 ,653 ,0 ,1 ,1 ,0 ,0 ,47920 ,686 ,47234 ,39029 ,8205 ,29 
2023-10-19,74524 ,27676 ,6255 ,5958 ,297 ,0 ,21421 ,20615 ,769 ,37 ,4124 ,3996 ,91 ,37 ,17297 ,16619 ,678 ,0 ,0 ,0 ,0 ,0 ,46848 ,694 ,46154 ,38085 ,8069 ,24 
2023-10-20,74473 ,27010 ,6210 ,5885 ,325 ,0 ,20797 ,20001 ,763 ,33 ,4004 ,3890 ,81 ,33 ,16793 ,16111 ,682 ,0 ,3 ,3 ,0 ,0 ,47463 ,632 ,46831 ,38894 ,7937 ,31 
2023-10-23,73139 ,26906 ,5982 ,5633 ,349 ,0 ,20922 ,20187 ,696 ,39 ,4251 ,4127 ,85 ,39 ,16671 ,16060 ,611 ,0 ,2 ,2 ,0 ,0 ,46233 ,583 ,45650 ,37323 ,8327 ,34 
2023-10-24,75361 ,27124 ,6210 ,5916 ,294 ,0 ,20913 ,20096 ,783 ,34 ,4128 ,4011 ,83 ,34 ,16785 ,16085 ,700 ,0 ,1 ,1 ,0 ,0 ,48237 ,715 ,47522 ,39043 ,8479 ,32 
2023-10-25,75767 ,27154 ,6250 ,5928 ,322 ,0 ,20900 ,20155 ,709 ,36 ,4142 ,4039 ,67 ,36 ,16758 ,16116 ,642 ,0 ,4 ,4 ,0 ,0 ,48613 ,641 ,47972 ,39728 ,8244 ,42 
2023-10-26,74854 ,27231 ,6132 ,5810 ,322 ,0 ,21099 ,20324 ,744 ,31 ,4163 ,4034 ,98 ,31 ,16936 ,16290 ,646 ,0 ,0 ,0 ,0 ,0 ,47623 ,540 ,47083 ,38833 ,8250 ,45 
2023-10-27,75581 ,27698 ,6360 ,6023 ,337 ,0 ,21337 ,20495 ,808 ,34 ,4001 ,3893 ,74 ,34 ,17336 ,16602 ,734 ,0 ,1 ,1 ,0 ,0 ,47883 ,764 ,47119 ,39061 ,8058 ,50 
2023-10-30,73473 ,27291 ,6303 ,5962 ,341 ,0 ,20986 ,20295 ,664 ,27 ,4162 ,4082 ,53 ,27 ,16824 ,16213 ,611 ,0 ,2 ,2 ,0 ,0 ,46182 ,639 ,45543 ,37197 ,8346 ,38 
2023-10-31,74137 ,26607 ,5856 ,5557 ,299 ,0 ,20749 ,20037 ,683 ,29 ,4077 ,3986 ,62 ,29 ,16672 ,16051 ,621 ,0 ,2 ,2 ,0 ,0 ,47530 ,623 ,46907 ,38531 ,8376 ,40 
2023-11-01,73966 ,26606 ,5969 ,5662 ,307 ,0 ,20637 ,19895 ,711 ,31 ,4124 ,4023 ,70 ,31 ,16513 ,15872 ,641 ,0 ,0 ,0 ,0 ,0 ,47360 ,656 ,46704 ,38378 ,8326 ,34 
2023-11-02,74739 ,26915 ,6050 ,5740 ,310 ,0 ,20862 ,20132 ,692 ,38 ,4157 ,4048 ,71 ,38 ,16705 ,16084 ,621 ,0 ,3 ,3 ,0 ,0 ,47824 ,663 ,47161 ,39023 ,8138 ,38 
2023-11-03,75251 ,27244 ,6093 ,5749 ,344 ,0 ,21150 ,20383 ,732 ,35 ,4103 ,3996 ,72 ,35 ,17047 ,16387 ,660 ,0 ,1 ,1 ,0 ,0 ,48007 ,726 ,47281 ,39550 ,7731 ,35 
2023-11-06,71748 ,27716 ,5904 ,5579 ,325 ,0 ,21811 ,21044 ,736 ,31 ,4389 ,4287 ,71 ,31 ,17422 ,16757 ,665 ,0 ,1 ,1 ,0 ,0 ,44032 ,676 ,43356 ,34965 ,8391 ,38 
2023-11-07,73647 ,27059 ,6158 ,5821 ,337 ,0 ,20900 ,20171 ,706 ,23 ,4131 ,4041 ,67 ,23 ,16769 ,16130 ,639 ,0 ,1 ,1 ,0 ,0 ,46588 ,677 ,45911 ,37317 ,8594 ,50 
2023-11-08,75177 ,27898 ,6385 ,6041 ,344 ,0 ,21511 ,20690 ,786 ,35 ,4243 ,4122 ,86 ,35 ,17268 ,16568 ,700 ,0 ,2 ,2 ,0 ,0 ,47279 ,674 ,46605 ,38343 ,8262 ,51 
2023-11-09,72294 ,26725 ,5904 ,5573 ,331 ,0 ,20819 ,20034 ,757 ,28 ,4178 ,4076 ,74 ,28 ,16641 ,15958 ,683 ,0 ,2 ,2 ,0 ,0 ,45569 ,661 ,44908 ,36619 ,8289 ,41 
2023-11-10,74597 ,28342 ,6321 ,5954 ,367 ,0 ,22020 ,21241 ,752 ,27 ,4115 ,4006 ,82 ,27 ,17905 ,17235 ,670 ,0 ,1 ,1 ,0 ,0 ,46255 ,704 ,45551 ,37385 ,8166 ,48 
2023-11-13,71914 ,27402 ,6209 ,5905 ,304 ,0 ,21193 ,20404 ,756 ,33 ,4334 ,4223 ,78 ,33 ,16859 ,16181 ,678 ,0 ,0 ,0 ,0 ,0 ,44512 ,649 ,43863 ,35477 ,8386 ,48 
2023-11-14,75013 ,27884 ,6405 ,6070 ,335 ,0 ,21477 ,20718 ,731 ,28 ,4311 ,4196 ,87 ,28 ,17166 ,16522 ,644 ,0 ,2 ,2 ,0 ,0 ,47129 ,641 ,46488 ,37727 ,8761 ,62 
2023-11-15,74236 ,27804 ,6160 ,5834 ,326 ,0 ,21644 ,20839 ,779 ,26 ,4270 ,4175 ,69 ,26 ,17374 ,16664 ,710 ,0 ,0 ,0 ,0 ,0 ,46432 ,636 ,45796 ,37067 ,8729 ,46 
2023-11-16,72299 ,27404 ,5997 ,5684 ,313 ,0 ,21407 ,20658 ,721 ,28 ,4287 ,4182 ,77 ,28 ,17120 ,16476 ,644 ,0 ,0 ,0 ,0 ,0 ,44895 ,717 ,44178 ,35562 ,8616 ,48 
2023-11-17,73677 ,27606 ,6200 ,5904 ,296 ,0 ,21404 ,20602 ,780 ,22 ,4037 ,3934 ,81 ,22 ,17367 ,16668 ,699 ,0 ,2 ,2 ,0 ,0 ,46071 ,696 ,45375 ,37291 ,8084 ,43 
2023-11-20,73086 ,27604 ,6207 ,5900 ,307 ,0 ,21395 ,20611 ,756 ,28 ,4488 ,4393 ,67 ,28 ,16907 ,16218 ,689 ,0 ,2 ,2 ,0 ,0 ,45482 ,729 ,44753 ,36260 ,8493 ,35 
2023-11-21,75933 ,28228 ,6430 ,6107 ,323 ,0 ,21797 ,21033 ,730 ,34 ,4323 ,4220 ,69 ,34 ,17474 ,16813 ,661 ,0 ,1 ,1 ,0 ,0 ,47705 ,639 ,47066 ,38349 ,8717 ,42 
2023-11-22,75248 ,28078 ,6213 ,5917 ,296 ,0 ,21865 ,21083 ,752 ,30 ,4430 ,4317 ,83 ,30 ,17435 ,16766 ,669 ,0 ,0 ,0 ,0 ,0 ,47170 ,653 ,46517 ,37789 ,8728 ,44 
2023-11-23,75860 ,27857 ,6253 ,5945 ,308 ,0 ,21604 ,20807 ,772 ,25 ,4151 ,4060 ,66 ,25 ,17453 ,16747 ,706 ,0 ,0 ,0 ,0 ,0 ,48003 ,662 ,47341 ,38815 ,8526 ,37 
2023-11-24,72634 ,27465 ,6344 ,6015 ,329 ,0 ,21120 ,20297 ,795 ,28 ,3981 ,3875 ,78 ,28 ,17139 ,16422 ,717 ,0 ,1 ,1 ,0 ,0 ,45169 ,678 ,44491 ,36184 ,8307 ,25 
2023-11-27,72942 ,28089 ,6223 ,5899 ,324 ,0 ,21864 ,21087 ,742 ,35 ,4346 ,4230 ,81 ,35 ,17518 ,16857 ,661 ,0 ,2 ,2 ,0 ,0 ,44853 ,699 ,44154 ,35333 ,8821 ,45 
2023-11-28,76151 ,28270 ,6440 ,6118 ,322 ,0 ,21828 ,20995 ,796 ,37 ,4479 ,4351 ,91 ,37 ,17349 ,16644 ,705 ,0 ,2 ,1 ,1 ,0 ,47881 ,701 ,47180 ,38201 ,8979 ,29 
2023-11-29,75949 ,28431 ,6582 ,6239 ,343 ,0 ,21847 ,21004 ,805 ,38 ,4380 ,4275 ,67 ,38 ,17467 ,16729 ,738 ,0 ,2 ,2 ,0 ,0 ,47518 ,663 ,46855 ,37755 ,9100 ,28 
2023-11-30,75907 ,28382 ,6403 ,6113 ,290 ,0 ,21978 ,21157 ,785 ,36 ,4276 ,4160 ,80 ,36 ,17702 ,16997 ,705 ,0 ,1 ,1 ,0 ,0 ,47525 ,689 ,46836 ,37751 ,9085 ,39 
2023-12-01,75049 ,28507 ,6436 ,6098 ,338 ,0 ,22068 ,21216 ,817 ,35 ,4294 ,4173 ,86 ,35 ,17774 ,17043 ,731 ,0 ,3 ,3 ,0 ,0 ,46542 ,715 ,45827 ,37331 ,8496 ,31 
2023-12-04,73989 ,27529 ,6156 ,5835 ,321 ,0 ,21373 ,20582 ,764 ,27 ,4366 ,4270 ,69 ,27 ,17007 ,16312 ,695 ,0 ,0 ,0 ,0 ,0 ,46460 ,658 ,45802 ,36760 ,9042 ,31 
2023-12-05,75937 ,27843 ,6353 ,6042 ,311 ,0 ,21488 ,20698 ,753 ,37 ,4275 ,4169 ,69 ,37 ,17213 ,16529 ,684 ,0 ,2 ,2 ,0 ,0 ,48094 ,661 ,47433 ,38728 ,8705 ,32 
2023-12-06,73160 ,27183 ,6029 ,5757 ,272 ,0 ,21154 ,20324 ,799 ,31 ,4266 ,4155 ,80 ,31 ,16888 ,16169 ,719 ,0 ,0 ,0 ,0 ,0 ,45977 ,690 ,45287 ,36664 ,8623 ,28 
2023-12-07,76785 ,28287 ,6457 ,6167 ,290 ,0 ,21829 ,21029 ,761 ,39 ,4325 ,4208 ,78 ,39 ,17504 ,16821 ,683 ,0 ,1 ,1 ,0 ,0 ,48498 ,692 ,47806 ,39007 ,8799 ,24 
2023-12-08,76079 ,27985 ,6463 ,6167 ,296 ,0 ,21520 ,20704 ,785 ,31 ,4080 ,3973 ,76 ,31 ,17440 ,16731 ,709 ,0 ,2 ,2 ,0 ,0 ,48094 ,729 ,47365 ,38891 ,8474 ,26 
2023-12-11,70500 ,26857 ,5769 ,5502 ,267 ,0 ,21087 ,20272 ,779 ,36 ,4352 ,4225 ,91 ,36 ,16735 ,16047 ,688 ,0 ,1 ,1 ,0 ,0 ,43643 ,736 ,42907 ,34231 ,8676 ,22 
2023-12-12,76238 ,28360 ,6459 ,6152 ,307 ,0 ,21900 ,21031 ,840 ,29 ,4299 ,4197 ,73 ,29 ,17601 ,16834 ,767 ,0 ,1 ,1 ,0 ,0 ,47878 ,669 ,47209 ,38114 ,9095 ,31 
2023-12-13,76532 ,28023 ,6330 ,6021 ,309 ,0 ,21691 ,20888 ,770 ,33 ,4364 ,4260 ,71 ,33 ,17327 ,16628 ,699 ,0 ,2 ,2 ,0 ,0 ,48509 ,714 ,47795 ,38884 ,8911 ,38 
2023-12-14,73935 ,27324 ,6228 ,5952 ,276 ,0 ,21096 ,20296 ,760 ,40 ,4178 ,4068 ,70 ,40 ,16918 ,16228 ,690 ,0 ,0 ,0 ,0 ,0 ,46611 ,760 ,45851 ,37374 ,8477 ,29 
2023-12-15,73026 ,28013 ,6451 ,6149 ,302 ,0 ,21559 ,20751 ,770 ,38 ,4124 ,4026 ,60 ,38 ,17435 ,16725 ,710 ,0 ,3 ,3 ,0 ,0 ,45013 ,806 ,44207 ,35863 ,8344 ,28 
2023-12-18,74314 ,27665 ,6241 ,5949 ,292 ,0 ,21421 ,20596 ,792 ,33 ,4271 ,4168 ,70 ,33 ,17150 ,16428 ,722 ,0 ,3 ,3 ,0 ,0 ,46649 ,701 ,45948 ,37096 ,8852 ,20 
2023-12-19,74620 ,27597 ,6358 ,6050 ,308 ,0 ,21238 ,20439 ,758 ,41 ,4255 ,4137 ,77 ,41 ,16983 ,16302 ,681 ,0 ,1 ,1 ,0 ,0 ,47023 ,653 ,46370 ,37907 ,8463 ,22 
2023-12-20,73597 ,27900 ,6325 ,6054 ,271 ,0 ,21572 ,20744 ,798 ,30 ,4172 ,4053 ,89 ,30 ,17400 ,16691 ,709 ,0 ,3 ,3 ,0 ,0 ,45697 ,694 ,45003 ,36397 ,8606 ,20 
2023-12-21,73491 ,27672 ,6258 ,5974 ,284 ,0 ,21412 ,20608 ,770 ,34 ,4179 ,4050 ,95 ,34 ,17233 ,16558 ,675 ,0 ,2 ,2 ,0 ,0 ,45819 ,737 ,45082 ,36568 ,8514 ,26 
2023-12-22,71879 ,27812 ,6278 ,6004 ,274 ,0 ,21532 ,20737 ,766 ,29 ,4119 ,4007 ,83 ,29 ,17413 ,16730 ,683 ,0 ,2 ,2 ,0 ,0 ,44067 ,674 ,43393 ,35005 ,8388 ,31 
2023-12-26,70521 ,25409 ,5816 ,5497 ,319 ,0 ,19590 ,18847 ,710 ,33 ,3884 ,3783 ,68 ,33 ,15706 ,15064 ,642 ,0 ,3 ,2 ,1 ,0 ,45112 ,713 ,44399 ,36349 ,8050 ,35 
2023-12-27,72217 ,25907 ,5976 ,5689 ,287 ,0 ,19930 ,19115 ,787 ,28 ,3857 ,3729 ,100 ,28 ,16073 ,15386 ,687 ,0 ,1 ,1 ,0 ,0 ,46310 ,712 ,45598 ,37658 ,7940 ,25 
2023-12-28,72080 ,25758 ,6059 ,5759 ,300 ,0 ,19698 ,18900 ,768 ,30 ,3775 ,3664 ,81 ,30 ,15923 ,15236 ,687 ,0 ,1 ,1 ,0 ,0 ,46322 ,715 ,45607 ,37546 ,8061 ,29 
2023-12-29,69890 ,25191 ,6141 ,5834 ,307 ,0 ,19048 ,18302 ,725 ,21 ,3499 ,3407 ,71 ,21 ,15549 ,14895 ,654 ,0 ,2 ,2 ,0 ,0 ,44699 ,825 ,43874 ,36383 ,7491 ,36 
